image_width: 2448
image_height: 2048
camera_name: camera_1
camera_matrix:
  rows: 3
  cols: 3
  data: [1045.41136,    0.     , 1225.70644,
            0.     , 1051.50548, 1004.98486,
            0.     ,    0.     ,    1.     ]
distortion_model: plumb_bob
distortion_coefficients:
  rows: 1
  cols: 5
  data: [-0.015658, 0.015449, 0.001348, 0.001259, 0.000000]
rectification_matrix:
  rows: 3
  cols: 3
  data: [1., 0., 0.,
         0., 1., 0.,
         0., 0., 1.]
projection_matrix:
  rows: 3
  cols: 4
  data: [1087.99463,    0.     , 1230.33222,    0.     ,
            0.     , 1092.98328, 1010.70107,    0.     ,
            0.     ,    0.     ,    1.     ,    0.     ]